1 1 1 1 1 0 0 0 1 1 1 1 1 0 0 0 0 0 0 0 0.5555555555555556
0 0 0 0 0 0 0 0 0 0 0 0 0 1 1 1 1 1 1 A 0.5
1 1 1 1 1 1 0 0 0 0 0 0 0 0 0 0 0 0 0 0 0.5555555555555556
0 0 0 0 0 0 1 1 1 1 0 0 0 0 0 0 0 0 0 0 0.5555555555555556
0 0 0 0 0 0 0 0 0 0 1 1 0 0 0 0 0 0 0 0 0.5555555555555556
0 0 0 0 0 0 0 0 0 0 0 0 1 1 1 1 1 G 1 1 0.5
1 1 1 A C 0 0 0 0 0 0 0 0 0 0 1 1 1 1 1 1.0
1 1 1 1 1 0 0 0 0 0 0 0 0 0 0 1 1 1 1 1 0.5555555555555556
1 1 1 1 1 0 0 0 0 0 0 0 0 0 0 1 1 1 A 1 1.0
1 1 1 1 1 0 0 0 0 0 0 0 0 0 0 1 1 1 1 1 0.5555555555555556
1 1 1 1 1 0 0 0 0 0 0 0 0 0 1 1 C 1 1 0 1.0
0 0 0 0 0 0 0 0 0 0 0 0 0 0 0 0 0 0 0 1 0.5555555555555556
1 T 1 A 1 1 0 0 0 0 0 0 0 0 0 0 0 0 0 0 1.0
0 0 0 0 0 0 1 C G 1 1 0 0 0 1 1 1 G 1 0 1.0
0 0 0 0 0 0 0 0 0 0 0 0 0 0 0 0 0 0 0 1 0.5555555555555556
1 1 1 1 1 0 1 1 1 1 1 0 0 0 0 0 0 0 0 0 0.5555555555555556
0 0 0 0 0 0 0 0 0 0 0 1 1 1 1 1 1 1 1 1 0.5555555555555556
1 1 1 1 C 0 0 0 0 0 0 0 0 0 0 1 A 1 1 1 1.0
1 1 1 1 C 0 0 0 0 0 0 0 0 0 0 1 1 1 1 1 0.0
1 1 1 1 1 0 0 0 0 0 0 0 0 0 0 1 1 1 T 1 0.0
1 1 1 1 1 0 0 0 0 0 0 0 1 1 1 1 1 0 0 0 0.5555555555555556
0 0 0 0 0 0 0 0 0 0 0 0 0 0 0 0 0 1 1 1 0.5555555555555556
1 1 G T 1 0 0 0 0 0 0 0 0 0 0 1 1 1 1 1 0.0
1 1 1 1 1 0 0 0 1 1 1 1 1 0 0 0 0 0 0 0 0.5555555555555556
0 0 0 0 0 0 0 0 0 0 0 0 0 1 1 1 1 1 1 1 0.5555555555555556
1 1 1 1 1 0 0 0 0 0 0 0 0 0 0 1 1 1 1 A 0.5
1 1 1 1 1 0 0 0 0 0 0 0 0 0 0 0 0 0 0 0 0.5555555555555556
0 0 0 0 0 1 1 1 1 1 0 0 0 0 0 1 1 G 1 1 0.5
1 1 G T 1 0 0 0 0 0 0 0 1 1 1 1 1 0 0 0 0.0
0 0 0 0 0 0 0 0 0 0 0 0 0 0 0 0 0 1 1 1 0.5555555555555556
1 1 1 C 1 0 0 0 0 0 0 1 1 1 1 1 0 0 0 0 0.0
0 0 0 0 0 0 0 0 0 0 0 0 0 0 0 0 1 1 T 1 0.0
1 1 1 1 1 1 1 1 0 0 0 0 0 0 0 0 0 0 0 0 0.5555555555555556
0 0 0 0 0 0 0 0 1 1 1 1 1 0 0 0 0 0 0 0 0.5555555555555556
0 0 0 0 0 0 0 0 0 0 0 0 0 1 1 C 1 1 1 1 0.0
